images/20190705_135951.jpg 368,452,443,620,0 363,317,408,354,1 300,120,349,168,2 346,269,388,314,3 328,195,380,245,4
images/20190705_140044.jpg 174,220,452,281,0 474,524,597,646,1 319,288,413,377,2 419,349,510,426,3 490,255,571,333,4
images/20190705_145046.jpg 446,264,623,438,1 104,283,294,423,3
images/20190705_145114.jpg 191,184,356,353,1 504,136,677,301,2 32,334,200,506,3 450,391,597,576,4
images/20190705_145049.jpg 421,263,601,472,1 90,264,281,413,3
images/20190705_145130.jpg 202,39,686,274,0 449,327,604,476,1 94,492,244,608,2 62,197,204,341,3 315,477,446,642,4
images/IMG_050719_134501.jpg 154,414,637,557,0 177,320,287,430,1 332,521,455,684,2 546,330,662,425,3
images/IMG_050719_140858.jpg 78,291,448,393,0 237,199,342,292,1 92,375,198,471,2 344,200,428,303,3 225,379,333,498,4
images/20190705_140759.jpg 479,239,556,553,0 536,274,631,362,1 332,562,437,662,2 186,392,257,470,3 408,400,483,498,4
images/20190705_144659.jpg 209,71,505,470,0 373,572,480,683,1 60,435,200,558,4
images/IMG_050719_134611.jpg 173,399,315,535,1 298,263,419,393,2 338,170,453,310,3 101,486,244,639,4
images/IMG_050719_134437.jpg 221,388,320,489,1 481,418,589,521,2 274,469,383,572,3 42,506,487,603,0
images/20190705_144648.jpg 172,276,632,411,0 159,576,301,695,4
images/20190705_140706.jpg 419,280,494,592,0 363,56,446,149,2 261,336,349,414,1 290,218,368,301,3 362,204,456,271,4
images/20190705_135750.jpg 399,350,495,432,3 312,175,419,255,4 66,319,190,452,1 43,213,162,326,2 439,174,679,462,0
images/20190705_134313.jpg 203,72,457,221,0 418,271,528,382,1 263,320,373,443,2 478,143,563,215,3 576,229,678,309,4
images/20190705_145536.jpg 223,133,727,361,0 74,246,228,361,2
images/20190705_145120.jpg 442,127,624,324,1 197,523,373,691,2 93,105,247,274,3 494,394,631,580,4
images/20190705_145503.jpg 191,308,678,503,0 91,446,225,574,1 279,145,416,280,3 345,520,481,633,4
images/20190705_145026.jpg 476,243,644,460,4 44,247,274,423,1
images/20190705_140101.jpg 579,179,732,451,0 74,258,189,383,1 445,228,550,352,2 321,311,437,415,3 436,419,579,533,4
images/20190705_145033.jpg 453,226,629,433,2 96,232,266,410,3
images/20190705_145005.jpg 197,244,468,420,4
images/IMG_050719_140137.jpg 270,409,416,567,2 355,225,502,366,4
images/IMG_050719_135904.jpg 35,368,627,534,0 90,519,256,681,1 484,535,683,714,2 262,516,401,684,3
images/20190705_134320.jpg 468,269,576,372,2 428,171,513,260,1 224,160,325,231,3 359,94,449,172,4 25,237,288,472,0
images/IMG_050719_135625.jpg 116,210,647,323,0 339,521,483,656,1 57,387,219,543,2 419,409,572,501,3
images/20190705_140715.jpg 421,314,502,580,0 272,351,359,441,1 342,80,447,182,2 365,238,456,304,4 297,248,366,323,3
images/20190705_135141.jpg 422,115,705,374,0 304,141,407,213,3 176,196,284,267,4 386,413,505,494,1
images/IMG_050719_134310.jpg 199,267,312,383,1 247,492,363,625,3 367,274,449,371,2 239,421,482,750,0
images/20190705_145147.jpg 403,140,574,301,1 86,441,690,640,0 57,132,240,298,4
images/IMG_050719_140717.jpg 214,251,335,380,3 29,454,251,642,1 233,556,397,707,2 356,439,523,546,4 197,76,634,471,0
images/20190705_145542.jpg 233,130,733,353,0 93,242,248,353,2 348,376,494,474,4 176,481,328,615,3
images/20190705_144947.jpg 226,152,431,371,1
images/20190705_134948.jpg 139,487,580,608,0 268,94,361,205,1 383,155,471,261,2 351,258,440,356,3 242,256,349,351,4
images/20190705_134308.jpg 452,359,750,511,0 385,509,466,575,3 225,490,333,569,4 297,219,383,291,2 255,346,354,428,1
images/IMG_050719_135400.jpg 444,584,675,750,4 63,540,274,750,1 217,458,394,667,2 11,358,592,553,0
images/20190705_135402.jpg 415,501,507,602,1 399,380,486,458,2 581,422,663,515,3 247,403,351,481,4 78,289,408,477,0
images/20190705_145045.jpg 436,246,628,441,1 100,277,293,422,3
images/20190705_144854.jpg 270,349,438,524,3
images/20190705_135423.jpg 485,141,575,239,1 414,273,520,367,4 372,153,455,252,2 379,87,464,147,3 291,238,580,548,0
images/20190705_134243.jpg 532,183,705,454,0 389,153,487,258,1 259,172,349,256,4 217,275,319,371,3 404,279,522,397,2
images/IMG_050719_134145.jpg 361,121,541,281,4 566,250,744,426,1 66,160,244,330,2 28,345,594,525,0
images/IMG_050719_135453.jpg 516,320,679,477,1 413,415,579,605,2 184,186,527,682,0
images/IMG_050719_140641.jpg 325,375,461,498,4 444,425,571,551,1 318,166,429,284,2 127,243,586,417,0
images/20190705_140320.jpg 502,474,593,558,3 265,262,347,334,1 368,203,472,303,2 507,322,588,407,4 263,259,558,446,0
images/20190705_145448.jpg 338,542,509,652,4 45,463,193,606,1 410,70,543,236,2 216,201,350,328,3
images/20190705_144940.jpg 321,304,519,536,1
images/20190705_135850.jpg 420,413,512,513,1 314,420,401,506,3 370,348,459,440,2 51,311,312,532,0
images/20190705_145531.jpg 134,220,296,353,2 432,129,591,639,0
images/20190705_145539.jpg 343,376,491,485,4 84,241,244,355,2 238,127,739,359,0
images/20190705_144934.jpg 266,349,461,576,1
images/IMG_050719_140846.jpg 246,302,352,411,1 86,447,207,557,2 195,410,322,546,4 358,248,450,354,3 64,126,342,410,0
images/IMG_050719_135734.jpg 561,349,743,531,1 26,439,243,626,2 392,328,541,490,3 278,102,460,277,4 70,241,575,750,0
images/20190705_145142.jpg 346,140,530,324,1 101,423,697,618,0
images/20190705_135205.jpg 308,301,405,403,1 393,113,472,194,2 506,180,571,261,4 561,269,638,344,3 430,348,667,599,0
images/IMG_050719_134552.jpg 291,338,438,472,1 73,247,229,376,2 349,179,473,288,3 128,453,297,587,4 312,301,667,730,0
images/IMG_050719_140813.jpg 373,163,482,269,1 250,290,363,374,4 153,243,253,345,2 242,286,578,584,0
images/IMG_050719_135502.jpg 273,413,437,569,2 470,296,617,436,1 3,198,376,610,0
images/20190705_145018.jpg 505,335,705,486,4 78,265,284,439,1
images/20190705_144737.jpg 481,627,606,750,2 54,348,173,453,1 71,550,197,657,4 280,308,390,396,3 394,83,718,392,0
images/20190705_145214.jpg 202,258,748,559,0 462,120,615,273,1 88,516,273,705,2 419,558,577,712,4 60,140,217,264,3
images/IMG_050719_134921.jpg 461,390,622,522,1 393,522,537,703,3 132,400,261,593,4 74,245,244,422,2 246,127,418,747,0
images/IMG_050719_140203.jpg 368,367,615,655,2 55,50,250,254,1 560,241,750,491,4 173,6,422,567,0
images/20190705_144913.jpg 255,315,455,518,2
images/20190705_144642.jpg 40,335,157,485,4 530,174,659,668,0
images/20190705_145004.jpg 200,255,457,427,4
images/20190705_140747.jpg 168,338,245,417,3 404,478,493,596,2 437,369,519,456,4 568,279,638,370,1 498,257,595,490,0
images/20190705_145431.jpg 181,273,319,398,2 193,594,349,742,1
images/IMG_050719_140034.jpg 558,353,749,544,1 522,527,668,703,4 166,288,353,437,3 92,177,575,750,0
images/IMG_050719_134414.jpg 449,114,547,216,3 527,445,701,633,4 50,442,292,658,1 133,306,307,478,2 381,259,534,750,0
images/IMG_050719_140607.jpg 382,344,501,498,4 119,330,228,449,3 342,227,445,344,2 311,107,418,236,1 209,327,485,750,0
images/IMG_050719_135350.jpg 101,399,263,622,1 432,284,600,452,2 274,260,435,750,0
images/IMG_050719_140818.jpg 111,451,246,558,3 218,344,331,457,4 137,305,229,414,2 287,176,391,281,1 208,185,466,451,0
images/IMG_050719_140700.jpg 356,296,461,398,4 331,436,430,530,1 297,558,405,649,2 254,304,364,406,3 172,207,583,292,0
images/20190705_135317.jpg 515,326,628,447,1 523,189,624,285,2 453,271,559,356,3 344,209,447,296,4 235,79,494,241,0
images/IMG_050719_135447.jpg 426,338,569,472,1 312,400,460,553,2 252,341,417,416,4 164,270,696,355,0
images/IMG_050719_135252.jpg 112,387,246,533,1 279,381,397,488,3 441,411,563,548,2 152,280,605,382,0
images/20190705_144716.jpg 329,527,459,653,1 92,251,215,392,2 62,513,208,663,4 483,230,620,360,3
images/IMG_050719_135717.jpg 426,130,578,286,4 545,406,689,562,1 111,196,250,334,2 435,383,555,520,3 282,314,416,750,0
images/20190705_144646.jpg 230,273,667,480,0 116,534,242,657,4
images/IMG_050719_135414.jpg 250,494,429,657,4 138,402,320,565,3 438,213,586,750,0 290,251,433,432,1 144,211,299,381,2
images/IMG_050719_135811.jpg 365,335,462,434,4 153,341,255,438,3 200,235,383,588,0 253,528,368,648,2 405,446,478,534,1
images/20190705_145048.jpg 425,275,603,477,1 75,264,275,428,3
images/20190705_135856.jpg 419,514,521,626,1 404,428,491,516,2 259,358,351,454,4 312,483,408,579,3 30,286,309,594,0
images/20190705_135155.jpg 355,470,448,586,1 292,169,398,256,3 140,222,264,297,4 37,344,152,456,2 440,160,702,482,0
images/IMG_050719_135338.jpg 149,336,289,466,3 61,459,235,654,1 414,408,552,600,2 235,308,433,750,0
images/IMG_050719_134252.jpg 558,295,723,421,3 498,393,668,590,2 383,487,579,659,4 158,208,301,355,1 239,184,393,651,0
images/20190705_140753.jpg 180,303,293,411,3 515,531,633,656,2 641,260,721,354,1 520,361,611,469,4 547,208,691,522,0
images/20190705_134555.jpg 289,283,391,376,3 424,265,523,370,2 553,187,635,276,4 520,385,627,482,1 210,411,604,614,0
images/20190705_134939.jpg 51,258,166,383,1 165,176,262,273,2 267,237,375,320,3 258,308,363,422,4 531,168,634,526,0
images/20190705_144921.jpg 282,266,477,483,1
images/IMG_050719_140534.jpg 113,151,222,254,1 158,269,266,364,2 85,270,185,359,3 125,355,220,469,4 167,231,403,560,0
images/20190705_140051.jpg 309,237,401,343,2 582,148,678,242,1 390,184,469,271,3 267,144,367,219,4 109,225,279,504,0
images/IMG_050719_140614.jpg 331,376,430,523,4 94,328,205,441,3 279,252,405,384,2 294,103,411,244,1 184,335,420,750,0
images/IMG_050719_140618.jpg 419,496,549,637,1 329,293,448,439,4 118,248,226,358,3 302,181,431,309,2 206,256,421,727,0
images/20190705_144917.jpg 238,243,464,452,2
images/20190705_145011.jpg 29,303,232,489,1 511,290,719,516,4
images/20190705_145227.jpg 97,97,263,253,2 294,188,459,342,3 312,425,478,600,1 165,600,345,750,4 443,3,750,508,0
images/IMG_050719_134228.jpg 252,222,400,750,0 495,420,652,570,2 414,549,562,683,4 92,430,247,573,1
images/20190705_145254.jpg 297,518,440,659,2 592,395,721,523,3 18,140,162,304,4 357,1,505,412,0
images/IMG_050719_134844.jpg 313,499,435,625,2 119,476,244,579,1 112,387,581,511,0
images/20190705_135934.jpg 375,97,431,297,0 351,384,407,429,1 375,566,430,611,2 359,482,412,539,4 367,426,418,476,3
images/IMG_050719_135821.jpg 341,505,519,631,4 219,247,392,372,3 419,261,559,410,1 176,563,325,700,2 40,350,604,519,0
images/20190705_134523.jpg 498,251,567,329,1 396,268,479,354,2 384,355,463,431,3 348,208,429,266,4 491,289,656,495,0
images/20190705_145044.jpg 390,247,577,431,1 37,272,233,423,3
images/20190705_144811.jpg 541,234,648,312,4 267,330,362,401,3 302,548,397,630,2 46,417,145,500,1 377,168,559,473,0
images/20190705_144710.jpg 142,197,290,346,2 399,503,552,653,1 114,480,264,648,4
images/20190705_144849.jpg 131,131,484,580,0
images/IMG_050719_134156.jpg 546,314,718,462,1 326,526,472,683,2 78,323,222,473,3 161,149,307,264,4 170,170,450,683,0
images/IMG_050719_134428.jpg 403,357,511,466,2 132,348,244,460,1 22,426,136,517,4 563,360,750,617,0
images/20190705_144842.jpg 118,341,614,449,0
images/20190705_134921.jpg 98,459,205,563,1 189,349,281,437,2 283,378,398,475,0 303,469,392,574,4 517,288,653,656,0
images/20190705_145229.jpg 268,430,431,594,1 53,92,229,267,2 263,195,418,341,3 131,591,297,750,4 428,7,725,503,0
images/20190705_145456.jpg 248,201,374,329,3 363,530,512,636,4 82,461,224,586,1 421,84,550,229,2
images/20190705_144927.jpg 270,284,495,524,1
images/IMG_050719_140651.jpg 328,117,428,241,2 287,508,405,606,1 299,388,426,504,4 87,287,558,395,0
images/IMG_050719_135259.jpg 447,406,587,549,2 143,396,259,540,1 289,389,418,503,3 47,536,657,719,0
images/IMG_050719_140822.jpg 464,298,562,419,3 210,475,331,615,4 103,433,223,563,2 296,265,417,378,1 182,288,516,612,0
images/20190705_140907.jpg 249,140,354,360,0 410,91,496,180,1 343,68,420,147,2
images/20190705_135947.jpg 438,389,640,442,0 166,357,237,401,4 83,357,139,410,2 297,354,352,410,1 248,356,297,412,3
images/20190705_134556.jpg 290,320,403,414,3 431,303,537,407,2 537,423,636,526,1 562,225,646,316,4 223,457,612,667,0
images/20190705_140314.jpg 485,466,586,558,3 370,208,471,280,2 254,209,337,288,1 493,318,596,410,4 225,256,567,351,0
images/20190705_144701.jpg 219,65,549,464,0 373,564,496,689,1 55,444,203,549,4
images/20190705_144931.jpg 281,276,507,496,1
images/20190705_145236.jpg 330,366,462,514,1 143,68,279,227,2 478,553,626,702,3 140,467,289,618,4 404,1,690,382,0
images/20190705_140911.jpg 229,201,308,505,0 395,131,519,248,1 328,104,411,206,2
images/20190705_144949.jpg 231,190,454,392,1
images/IMG_050719_135957.jpg 129,479,272,626,2 452,496,577,610,1 113,624,264,749,3 335,259,498,750,0
images/20190705_145038.jpg 46,250,267,409,3 444,228,667,414,1
images/IMG_050719_140755.jpg 237,270,386,416,1 393,490,547,659,4 378,375,504,492,3 56,156,259,750,0 280,679,437,750,2
images/IMG_050719_135839.jpg 437,415,548,534,2 141,367,269,479,1 139,510,275,632,3 348,179,496,447,0
images/IMG_050719_134451.jpg 538,359,643,440,3 235,315,515,631,0 308,534,461,702,2
images/IMG_050719_135651.jpg 241,366,374,512,2 50,445,229,596,1 320,495,456,640,3 453,124,590,687,0 177,591,340,674,4
images/20190705_145022.jpg 96,238,316,410,1 450,277,665,433,4
images/20190705_145143.jpg 318,133,497,316,1 73,419,680,620,0
images/20190705_144847.jpg 95,290,573,552,0
images/20190705_145526.jpg 422,280,572,382,4 407,438,552,568,3 175,241,316,358,2 214,556,359,709,1 134,49,628,192,0
images/20190705_135842.jpg 458,411,549,515,1 360,470,446,551,3 364,370,452,463,2 207,391,313,476,4 17,463,375,608,0
images/20190705_134934.jpg 525,162,659,293,1 458,272,574,394,2 317,266,446,368,3 2,118,175,463,0
images/IMG_050719_135240.jpg 169,551,582,688,0 341,408,427,504,2 386,478,504,553,4 223,447,311,541,3 138,480,237,591,1
images/20190705_144919.jpg 230,206,442,454,2
images/20190705_135407.jpg 466,403,566,495,1 434,283,527,379,2 626,322,722,415,3 288,330,386,414,4 113,234,444,419,0
images/20190705_134508.jpg 309,260,387,340,3 390,479,484,529,4 318,360,388,444,0 224,435,291,501,1 123,206,269,477,0
images/20190705_140309.jpg 473,352,613,456,1 328,437,462,559,2 110,326,242,457,4 71,121,187,222,3 187,216,585,511,0
images/IMG_050719_135408.jpg 336,373,493,549,1 104,315,269,484,2 104,500,287,662,3 196,588,385,750,4 448,300,688,750,0
images/20190705_145241.jpg 287,357,414,503,4 604,451,749,585,3 456,258,599,395,1 288,0,413,136,2 18,179,224,656,0
images/20190705_144935.jpg 262,338,457,566,1
images/20190705_135330.jpg 334,212,437,338,2 394,328,505,413,3 280,383,389,475,4 524,335,631,448,1 79,202,285,534,0
images/20190705_144909.jpg 213,248,421,453,2
images/20190705_145150.jpg 436,170,588,343,2 49,154,229,317,4 83,462,698,670,0
images/IMG_050719_135233.jpg 575,436,654,519,4 305,441,379,519,3 212,462,305,557,1 13,506,122,616,0 241,529,591,629,0
images/20190705_145058.jpg 397,347,620,500,4 84,300,287,517,3
images/20190705_144956.jpg 279,234,527,512,4
images/20190705_145426.jpg 457,226,603,357,2 279,19,421,167,3 384,515,541,645,4 43,382,179,506,1 235,307,384,750,0
images/IMG_050719_140021.jpg 299,152,448,618,0 472,530,626,644,1 156,500,289,634,2 408,627,537,750,3
images/IMG_050719_135829.jpg 405,185,568,328,3 545,327,733,504,1 161,355,338,541,2 320,515,523,691,4 144,146,663,654,0
images/20190705_144926.jpg 230,320,479,588,1
images/IMG_050719_135327.jpg 100,377,231,512,1 235,337,345,444,3 465,389,575,535,2 317,316,465,748,0
images/IMG_050719_134602.jpg 232,397,360,509,1 276,315,386,421,2 367,261,476,360,3 155,462,282,610,4 213,306,581,726,0
images/20190705_144832.jpg 376,471,501,601,2 505,379,629,505,4 69,199,189,321,3 81,464,197,575,1 157,33,516,339,0
images/20190705_145133.jpg 550,404,698,561,1 337,556,467,719,4 77,481,227,599,2 50,202,189,340,3 179,50,650,277,0
images/20190705_135305.jpg 423,290,509,379,1 230,229,324,329,2 313,298,413,393,3 244,382,328,467,4 42,287,274,535,0
images/20190705_144844.jpg 260,173,392,663,0
images/IMG_050719_135926.jpg 448,373,554,504,4 305,456,417,571,1 191,495,315,609,2 129,293,588,379,0
images/20190705_145105.jpg 515,258,743,417,4 95,244,267,425,3
images/IMG_050719_140210.jpg 200,318,300,424,1 360,298,454,403,2 300,404,435,499,4 287,496,413,601,3 421,325,543,706,0
images/20190705_145515.jpg 387,184,526,299,4 95,181,235,305,2 136,471,281,613,1 283,262,560,678,0
images/IMG_050719_134213.jpg 415,434,588,598,2 66,462,262,652,1 104,308,251,469,3 381,224,537,384,4 251,75,383,699,0
images/20190705_144741.jpg 538,84,657,473,0 272,291,375,382,3 41,344,155,439,1 58,537,169,639,4 478,620,593,736,2
images/20190705_134943.jpg 279,171,600,272,0 433,372,547,453,4 425,521,564,644,1 293,437,408,554,2 338,357,442,453,3
images/20190705_134421.jpg 50,422,502,587,0 275,271,393,392,1 511,217,605,325,2 262,129,338,195,3 352,202,437,298,4
images/IMG_050719_140835.jpg 426,275,525,394,3 294,407,433,529,1 277,566,433,697,4 146,559,285,702,2 125,194,389,548,0
images/IMG_050719_134359.jpg 521,259,676,444,4 127,391,357,602,1 373,160,525,355,2 237,166,380,337,3
images/IMG_050719_140545.jpg 278,249,390,357,2 303,131,414,248,1 206,278,293,375,3 190,374,334,450,4 99,416,506,563,0
images/20190705_145209.jpg 195,240,750,544,0 44,120,217,257,3
images/IMG_050719_140119.jpg 506,219,654,400,4 439,496,601,664,3 79,481,259,645,2 0,141,162,359,1 266,160,465,750,0
images/20190705_145052.jpg 413,233,601,434,1 114,246,300,429,3
images/20190705_135417.jpg 299,280,386,396,2 137,303,253,429,1 230,485,350,598,3 270,205,353,282,4 280,110,478,318,0
images/20190705_144833.jpg 150,33,520,343,0 62,199,182,322,3 503,376,619,510,4 384,472,495,592,2 77,462,194,579,1
images/20190705_135747.jpg 147,278,264,409,1 151,126,275,250,2 434,431,538,531,3 440,184,533,297,4 545,248,660,604,0
images/20190705_140047.jpg 465,417,609,560,1 289,235,393,328,2 395,292,497,352,3 466,210,560,285,4 151,193,438,253,0
images/20190705_134231.jpg 402,448,498,534,2 295,579,392,682,3 165,452,267,561,4 234,342,331,443,1 306,206,620,434,0
images/20190705_145201.jpg 481,136,649,324,2 19,112,204,260,3 42,410,678,599,0
images/20190705_145437.jpg 428,343,579,485,2 209,253,365,415,3 257,525,440,659,4
images/20190705_140903.jpg 412,232,555,500,0 302,393,404,497,2 232,309,316,416,1
images/20190705_135827.jpg 321,357,405,430,2 234,385,315,471,1 258,280,338,367,3 386,194,459,293,4 231,21,490,272,0
images/20190705_144857.jpg 259,315,494,554,3
images/IMG_050719_134829.jpg 368,521,476,635,2 192,321,302,428,1 402,299,506,405,3 282,352,415,436,4 135,397,582,554,0
images/20190705_144728.jpg 257,290,410,401,3 188,591,323,734,4 481,513,611,648,2 38,201,183,344,1
images/20190705_145422.jpg 551,148,676,262,2 15,342,141,451,1 215,40,331,157,3 492,583,628,689,4 249,294,491,677,0
images/IMG_050719_135800.jpg 319,274,419,343,1 184,209,306,282,4 210,441,307,526,3 318,617,417,712,2 321,341,618,587,0
images/20190705_135830.jpg 300,230,396,322,4 176,285,264,378,3 223,378,325,454,2 126,387,225,480,1 147,36,480,281,0
images/20190705_144902.jpg 253,406,456,581,3
images/20190705_135940.jpg 12,428,87,495,2 110,416,193,481,4 204,411,265,474,3 255,390,323,463,1 428,396,661,470,0
images/20190705_134429.jpg 454,394,542,479,3 342,314,422,401,4 364,221,447,306,1 195,306,283,389,2 301,118,556,248,0
images/20190705_135807.jpg 467,313,573,415,4 258,389,342,477,3 372,70,470,192,2 248,121,362,225,1 221,459,585,651,0
images/20190705_134546.jpg 345,241,431,318,3 233,229,320,319,2 183,167,252,252,1 219,127,483,234,0
images/20190705_145150(0).jpg 418,151,580,336,2 38,143,225,313,4 76,455,691,662,0
images/IMG_050719_134259.jpg 467,445,638,646,2 312,394,477,575,1 86,189,441,689,0
images/20190705_145002.jpg 269,177,542,322,4
images/20190705_145102.jpg 454,291,626,522,4 107,274,285,456,3
images/20190705_140916.jpg 346,368,444,465,3 220,334,317,451,4 127,276,238,396,2 243,218,340,320,1 145,453,505,539,0
images/IMG_050719_135852.jpg 383,473,514,604,2 182,516,303,663,3 29,478,186,616,1
images/20190705_135742.jpg 349,117,526,474,0 247,144,335,236,4 266,367,369,443,3 59,361,159,449,1 60,257,155,342,2
images/20190705_134321.jpg 475,263,584,367,2 431,160,517,255,1 365,93,453,168,4 240,152,326,219,3 19,223,302,469,0
images/IMG_050719_134433.jpg 470,385,588,497,2 217,357,313,473,1 25,478,487,587,0
images/IMG_050719_140637.jpg 322,311,429,452,4 324,470,476,579,1 297,143,419,272,2 222,166,338,656,0 150,423,265,546,3
images/20190705_145204.jpg 458,187,629,362,1 24,177,193,297,3 89,317,692,624,0
images/20190705_145039.jpg 483,296,685,459,1 105,308,299,452,3
images/20190705_134515.jpg 450,489,522,566,1 390,397,472,473,2 506,311,565,404,4 289,390,369,461,3 233,495,490,645,0
images/IMG_050719_140214.jpg 347,293,450,394,2 183,316,283,428,1 282,419,426,519,4 286,511,426,611,3 515,300,641,687,0
images/20190705_135324.jpg 188,114,265,316,0 394,120,479,223,2 529,212,631,318,1 420,214,510,282,3 290,219,399,301,4
images/20190705_145152.jpg 284,221,438,750,0 470,178,647,363,2 90,134,283,310,4
images/20190705_134549.jpg 129,271,196,390,4 250,218,344,313,2 196,155,270,239,1 366,233,457,316,3 238,118,510,227,0
images/20190705_145545.jpg 195,120,705,328,0 309,357,469,462,4 482,493,637,668,1 143,462,296,609,3 61,221,207,348,2
images/20190705_144953.jpg 265,217,464,484,4
images/20190705_144906.jpg 274,262,510,480,2
images/20190705_135836.jpg 463,341,552,434,1 376,320,456,410,2 237,368,345,463,4 392,410,481,495,3 75,484,457,590,0
images/IMG_050719_135428.jpg 336,490,534,658,1 204,499,365,663,2 67,418,732,540,0
images/IMG_050719_140524.jpg 147,359,245,427,4 181,292,275,373,2 225,170,331,250,1 128,314,426,528,0
images/20190705_145111.jpg 160,180,334,352,1 485,140,644,306,2 567,451,727,646,4 5,335,172,513,3
images/IMG_050719_135149.jpg 321,336,450,433,4 206,362,327,479,1 350,529,478,666,2 174,568,310,715,3 26,438,547,618,0
images/IMG_050719_140508.jpg 145,295,262,378,1 189,365,308,470,2 141,460,257,551,4 394,549,507,657,3 170,345,443,694,0
images/IMG_050719_135720.jpg 327,334,474,501,3 463,338,625,501,1 315,178,488,333,2 274,0,502,150,4 129,256,310,750,0
images/IMG_050719_134857.jpg 189,275,345,430,2 485,516,622,649,1 363,401,493,540,3 114,390,595,534,0
images/20190705_144942.jpg 248,371,496,579,1
images/IMG_050719_140558.jpg 314,2,465,159,1 329,151,479,311,2 217,232,349,347,3 237,328,397,464,4 201,355,723,608,0
images/20190705_135148.jpg 309,98,388,178,3 182,144,282,219,4 84,221,195,334,2 404,306,502,415,1 403,87,689,306,0
images/20190705_144721.jpg 468,272,611,393,3 74,233,236,364,2 382,520,506,646,1 67,557,169,694,4
images/20190705_134329.jpg 459,555,560,644,3 249,514,375,616,4 313,335,418,440,1 373,221,462,316,2 417,58,651,280,0
images/20190705_134426.jpg 543,339,633,449,3 387,301,473,387,4 361,193,435,288,1 220,327,328,437,2 225,82,464,254,0
images/20190705_145055.jpg 460,270,622,475,4 104,295,281,485,3
images/20190705_145138.jpg 411,302,596,494,1 60,49,242,707,0
images/20190705_144834.jpg 509,432,627,565,4 67,268,192,387,3 389,532,505,655,2 91,526,215,638,1 164,98,524,402,0
images/20190705_140317.jpg 472,417,574,505,3 185,194,299,284,1 290,117,403,223,2 190,156,501,381,0
images/20190705_144651.jpg 206,177,685,396,0 102,454,233,585,4
images/20190705_134533.jpg 285,476,397,533,4 309,256,387,323,3 257,328,361,425,2 138,346,233,440,1 70,174,317,384,0
images/IMG_050719_134533.jpg 284,230,401,328,4 406,266,533,379,3 434,162,552,279,1 101,474,285,654,2 69,357,587,511,0
images/20190705_134409.jpg 497,366,585,452,3 351,364,436,448,4 289,269,380,347,1 229,463,325,552,2 164,41,327,339,0
images/20190705_144945.jpg 224,164,466,390,1
images/IMG_050719_140721.jpg 307,288,432,413,1 163,256,296,371,3 2,454,199,644,2 405,526,533,697,4 242,92,644,456,0
images/IMG_050719_135901.jpg 259,500,385,657,3 475,532,658,710,2 83,487,257,652,1 24,406,651,517,0
images/20190705_135301.jpg 399,242,496,326,3 265,281,390,377,4 351,143,446,247,2 521,226,620,335,1 123,161,261,431,0
images/20190705_140920.jpg 258,280,409,427,1 392,364,529,502,2 345,189,445,288,3 376,130,616,445,0
images/20190705_145054.jpg 437,265,599,473,4 85,290,256,476,3
images/20190705_134925.jpg 202,314,294,410,2 110,422,215,532,1 298,340,403,444,3 306,442,397,545,4 530,275,652,621,0
images/20190705_134336.jpg 328,109,645,222,0 348,261,449,355,2 359,419,434,504,1 471,556,557,634,3 305,548,413,634,4
images/20190705_145158.jpg 92,186,238,346,3 518,266,696,449,2 264,27,447,606,0
images/20190705_145523.jpg 430,438,576,578,3 246,551,388,701,1 210,252,355,373,2
images/IMG_050719_135200.jpg 267,128,399,653,0 401,443,526,593,4 157,478,287,581,3 142,581,275,701,1
images/IMG_050719_135909.jpg 353,345,490,542,4 314,494,484,656,3 357,200,528,377,1 277,626,416,750,2 171,151,380,750,0
images/20190705_145500.jpg 316,492,458,609,4 76,426,208,553,1 167,294,632,474,0
images/20190705_144758.jpg 239,336,337,428,1 450,529,549,621,2 96,205,211,285,4 121,496,210,591,3 330,200,662,286,0
images/20190705_145435.jpg 297,270,424,430,3 334,539,492,661,4
images/IMG_050719_135935.jpg 425,340,555,507,4 370,531,558,699,1 226,513,379,667,3 61,232,377,736,0
images/20190705_140711.jpg 422,248,527,537,0 266,297,359,386,1 363,77,444,167,2 307,214,378,288,3 375,192,463,259,4
images/20190705_145211.jpg 28,158,170,274,3 401,118,554,281,1 57,520,235,696,2 139,256,685,546,0
images/20190705_135310.jpg 313,376,395,470,4 272,305,345,379,3 282,219,361,303,1 178,318,265,409,2 138,466,455,625,0
images/20190705_140900.jpg 347,263,639,365,0 546,400,645,515,2 468,452,545,544,1 384,330,462,410,3 442,358,527,454,4
images/20190705_135254.jpg 455,357,539,446,2 360,378,440,455,3 338,257,417,354,4 315,465,408,565,1 300,165,605,237,0
images/20190705_144929.jpg 250,311,470,543,1
images/20190705_144851.jpg 266,336,382,472,3
images/20190705_145117.jpg 213,150,393,341,1 45,314,219,498,3 195,512,365,680,2 480,375,634,568,4
images/20190705_145246.jpg 570,458,720,611,3 36,355,188,499,4 503,131,643,275,2 266,23,387,504,0
images/IMG_050719_140709.jpg 262,517,389,646,2 80,416,256,573,1 241,270,349,381,3 339,246,458,364,4 145,148,615,263,0
images/20190705_134239.jpg 385,240,474,359,2 246,392,390,537,1 402,474,566,626,4 540,335,664,460,3 76,166,343,464,0
images/IMG_050719_140849.jpg 404,342,499,438,3 289,359,402,474,1 119,469,233,589,2 235,462,346,588,4 112,224,441,440,0
images/20190705_145445.jpg 434,163,717,614,0 320,508,461,616,4 205,182,327,314,3 34,435,184,570,1
images/20190705_145138(0).jpg 424,290,612,498,1 70,41,255,700,0
images/20190705_140210.jpg 335,304,410,372,1 235,510,308,588,2 403,184,475,250,3 376,231,436,308,4 325,59,475,294,0
images/20190705_140218.jpg 344,363,418,448,1 420,267,721,368,0
images/20190705_145519.jpg 384,176,538,303,4 314,362,450,497,3 79,171,223,300,2 119,475,268,631,1
images/20190705_145440.jpg 177,237,321,402,3 235,510,394,632,4 412,366,550,500,1
images/20190705_135200.jpg 109,302,207,411,3 152,435,269,569,4 314,518,448,669,2 428,190,534,318,1 111,59,398,299,0
images/20190705_145036.jpg 152,209,357,375,3 554,224,750,438,2
images/20190705_145000.jpg 261,254,531,456,4
images/20190705_135411.jpg 557,548,630,631,3 388,592,475,693,1 388,493,474,592,2 241,497,345,573,4 99,425,414,543,0
images/20190705_145032.jpg 441,225,623,433,2 80,231,256,416,3
images/20190705_144923.jpg 269,298,488,483,1
images/IMG_050719_134946.jpg 238,180,352,304,1 135,280,257,402,3 299,422,426,568,4 179,458,320,592,2 106,201,566,525,0
images/IMG_050719_135535.jpg 66,228,441,333,0 314,355,412,481,2 445,371,562,509,1 520,432,653,558,3
images/20190705_134930.jpg 405,344,532,432,4 308,344,424,457,3 407,532,529,649,1 284,463,400,573,2 205,80,586,191,0
images/IMG_050719_140007.jpg 494,455,655,607,1 72,424,230,577,2 58,567,242,713,3 268,218,430,750,0
images/20190705_134416.jpg 220,191,305,284,2 355,302,446,402,1 222,321,331,397,4 124,442,225,531,3 438,226,697,473,0
images/IMG_050719_135039.jpg 347,427,488,571,4 505,586,674,741,2 45,416,182,546,1 356,73,675,587,0
images/20190705_140103.jpg 394,411,530,518,4 291,300,395,401,3 406,225,510,341,2 44,245,156,363,1 531,183,692,442,0
images/20190705_140703.jpg 405,271,473,568,0 350,71,435,153,2 261,325,349,406,1 295,226,359,299,3 354,203,441,267,4
images/20190705_145041.jpg 137,305,314,450,3 391,295,627,505,1
images/20190705_144747.jpg 290,284,387,394,1 127,134,254,235,4 63,550,173,663,3 460,599,587,722,2 450,106,567,490,0
images/20190705_145013.jpg 445,297,656,458,4 38,274,224,444,1
images/IMG_050719_135025.jpg 78,278,279,491,2 113,585,300,750,1 449,539,610,738,3 437,293,606,491,4 287,72,456,750,0
images/IMG_050719_135218.jpg 167,321,320,455,4 495,536,640,659,3 368,538,498,679,1 114,598,279,750,2 99,362,612,622,0
images/20190705_145050.jpg 455,231,662,444,1 146,240,327,429,3
images/20190705_145206.jpg 478,172,638,351,2 55,151,222,281,3 89,319,633,733,0
images/20190705_144955.jpg 159,245,450,469,4
images/20190705_135738.jpg 381,223,476,329,4 353,449,453,536,3 118,207,220,302,2 105,329,199,423,1 498,277,580,617,0
images/IMG_050719_134331.jpg 581,403,722,575,2 419,388,535,544,1 371,609,553,750,4 309,461,446,577,3 199,376,314,750,0
images/20190705_135753.jpg 391,491,489,584,3 325,236,433,341,4 12,332,142,449,2 66,475,188,595,1 471,229,661,610,0
images/20190705_145059.jpg 390,328,620,491,4 91,284,285,506,3
images/20190705_144714.jpg 487,248,616,366,3 71,517,198,666,4 314,529,457,665,1 93,265,214,393,2
images/IMG_050719_134935.jpg 300,98,457,283,1 280,272,421,429,3 159,486,329,656,2 244,414,427,513,4 83,52,346,669,0
images/20190705_145146.jpg 420,132,589,312,1 62,132,245,300,4 92,446,697,642,0
images/IMG_050719_140741.jpg 337,203,485,363,1 351,628,495,750,2 445,324,565,461,3 468,438,610,610,4 119,124,306,750,0
images/20190705_135825.jpg 326,398,408,488,1 391,332,478,425,2 396,177,477,277,4 302,304,387,381,3 271,7,445,303,0
images/IMG_050719_135610.jpg 446,220,559,324,3 285,444,424,559,4 276,278,392,405,2 306,181,412,297,1 384,308,742,651,0
images/20190705_134247.jpg 310,331,433,450,3 249,165,352,268,1 430,215,536,324,2 319,122,644,250,0
images/20190705_140213.jpg 293,265,362,339,1 313,184,382,270,4 340,125,403,190,3 270,14,382,264,0 218,524,291,596,2
images/20190705_144958.jpg 252,232,468,500,4
images/20190705_145125.jpg 227,165,362,306,3 575,386,700,546,4 524,175,680,331,1 348,509,504,642,2 34,120,178,605,0
images/20190705_145511.jpg 407,353,551,488,4 173,239,325,362,2 216,545,367,703,1
images/20190705_145153.jpg 477,160,652,353,2 102,137,289,302,4 289,209,424,750,0
